"model","layers","neurons","reps","threshold","algo","error.function","activation.function","avg..training.duration...sec","nof.nets","nof.errors","mean.nof.steps","mean_rel_harmonic_error","best_rel_harmonic_error","mean_arith_error","mean_rel_arith_error","best_rel_arith_error","mean_rel_rms","best_rel_rms","mean_median_rel_error","mean_first_quartile_rel_error","mean_third_quartile_rel_error","max_max_rel_error","mean_arith_mean_test_rel_error","arith_mean_rel_error_of_best_rel_rms_on_training_data","mean_weigthed_arith_mean_test_rel_error","mean_mean_in_range"
"mean performance",-1,-1,-1,-1,"-1","-1","-1",-1,-1,0,0,35.1769948140796,35.1769948140796,0.000475354506887411,1402.19611313937,1402.19611313937,1788.94192716586,1788.94192716586,1475.63581023888,90.9353312229363,2387.12968594167,3130.43771240683,-1,-1,-1,-1
"lin reg: Size (aggregated)",-1,-1,-1,-1,"-1","-1","-1",-1,-1,0,0,9.17413332542654,9.17413332542654,0.000104318700347226,383.184959184318,383.184959184318,483.53056047875,483.53056047875,405.374667760402,57.2675563833857,655.717210058706,818.795020293188,-1,-1,-1,-1
"lin reg: Size",-1,-1,-1,-1,"-1","-1","-1",-1,-1,0,0,5.29371365932264,5.29371365932264,7.56141737599551e-05,50.8234602464886,50.8234602464886,58.9753634665642,58.9753634665642,59.8652504886716,21.916473238678,73.7286878748485,325.859073629774,-1,-1,-1,-1
"lin reg: Size+Offset",-1,-1,-1,-1,"-1","-1","-1",-1,-1,0,0,5.29371365932264,5.29371365932264,7.56141737599551e-05,50.8234602464886,50.8234602464886,58.9753634665642,58.9753634665642,59.8652504886716,21.916473238678,73.7286878748485,325.859073629774,-1,-1,-1,-1
"lin reg: Size+Offset+OpTyp",-1,-1,-1,-1,"-1","-1","-1",-1,-1,0,0,9.75893214615408,9.75893214615408,8.73667897067964e-05,191.347495122829,191.347495122829,248.781090699592,248.781090699592,168.008289157948,31.4913853405683,274.762215607195,485.295524020704,-1,-1,-1,-1
"lin reg (per OpTyp): Size",-1,-1,-1,-1,"-1","-1","-1",-1,-1,0,0,4.57539014354483,4.57539014354483,7.36287363496732e-05,58.154520965328,58.154520965328,78.1216719836825,78.1216719836825,31.9589054098258,14.7433554283713,98.4513653684633,293.484602241144,-1,-1,-1,-1
"mean Duration, aggregated",-1,-1,-1,-1,"-1","-1","-1",-1,-1,0,0,0,0,6.17329195499045e-05,11.114349838394,11.114349838394,23.575271678634,23.575271678634,4.44179004972361,1.80686849347851,9.95429112540807,308.702596308621,-1,-1,-1,-1
"mean Duration, aggregated + correction",-1,-1,-1,-1,"-1","-1","-1",-1,-1,0,0,0.459761496892919,0.459761496892919,1.16146724412568,16206.6780458329,16206.6780458329,6624469.82617921,6624469.82617921,4.01173217732748,1.63486974292107,10.3541837302556,4900604449.78415,-1,-1,-1,-1
"aggregated_wo_outlier",9,7,1,1e-05,"rprop+","sse","logistic",11.2939999999981,12,0,2015.66666666667,8.57089742683189,0.597746512253523,0.000362581537479403,52.217147820818,43.3930376349431,61.1066373669607,55.6979664179243,46.8595272735916,26.6888234613253,86.6020658199641,125.190393294117,18.9918840089636,6.4841454919497,19.7030518740339,0.0466307505571474
"aggregated_wo_outlier",7,9,1,1e-05,"rprop+","sse","logistic",10.3430000000008,12,0,2020.5,12.8964379304534,1.99939559771801,0.000361657855993805,53.999088901258,42.4706036801461,63.395568846448,55.8907370242251,46.5892408152571,27.0441642777971,89.8303229172314,182.439377014036,19.779141778686,5.43571969887935,20.5254523928261,0.0335794730977395
"aggregated_wo_outlier",7,7,1,1e-05,"rprop+","sse","logistic",8.76900000000023,12,0,2075.75,16.3907342891245,2.52269820887826,0.000362582215978027,56.9266614026855,45.4234505103176,64.9149919678807,56.70797556983,56.1451557910854,32.5346009758475,87.9345331025168,131.709275842464,24.563787652259,9.01796502499192,25.4825616585119,0.0606493751989814
"aggregated_wo_outlier",11,5,1,1e-05,"rprop+","sse","logistic",10.2019999999993,12,0,2301.41666666667,17.9601835859237,1.21331700736101,0.000362068048561663,58.3652578350421,44.4276635999722,65.5450234019691,55.8948482583148,54.6586709977774,38.0865852019252,87.7331892054955,117.898554072887,27.8121339864529,10.2133475664866,28.875256463448,0.10391067733206
"aggregated_wo_outlier",9,5,1,1e-05,"rprop+","sse","logistic",8.90300000000025,12,0,2809.75,20.5830666366382,0.344865177712062,0.000361809912630224,58.5059537875377,42.276058486627,66.1215528049703,55.6476466439917,57.9222120865698,35.5089295841668,87.1420266815717,141.417975545769,27.3613806717655,10.4508480276987,28.3929302203519,0.117753303088189
"aggregated",5,9,1,1e-05,"rprop+","sse","logistic",12.9439999999995,12,0,4882.08333333333,2.17472004245618,0.223137366267028,6.5701895906732e-05,40.2644069371404,24.4297323040129,51.6046335623089,32.1791113945193,31.2936301600402,12.4779869143628,70.5371970445755,285.077006351917,28.9509390452255,15.3592935798045,35.1763157180258,0.595910737026424
"aggregated",7,9,1,1e-05,"rprop+","sse","logistic",14.0380000000005,12,0,3974.58333333333,2.37570666887728,0.67974915220548,6.57818119135897e-05,39.7939947995873,22.8142492061917,53.0819538574589,30.938491942897,27.5086076892122,11.42745160685,68.1864157421087,286.327857314302,28.7171128026389,14.0695754677259,34.9081861151287,0.587258436803566
"aggregated",5,13,1,1e-05,"rprop+","sse","logistic",14.0720000000001,12,0,3400.08333333333,3.50151825978663,1.39144357509954,6.60522398268889e-05,42.6080597039914,28.0335940823322,53.565254173369,33.8407556658435,36.0221855941336,15.2784487862576,70.4720238824007,285.586451782415,30.8647564966005,18.5541790211151,37.522672185425,0.639371318847501
"aggregated",5,11,1,1e-05,"rprop+","sse","logistic",11.8780000000006,12,0,3209.16666666667,3.11443939372146,1.39379717755485,6.5939808979915e-05,42.9219064725924,25.2240592887562,56.2735548108733,31.8552561363916,32.9823343525576,13.3060986754269,70.570167991214,283.716672091025,31.1434805693072,16.2954779569561,37.8520254685182,0.654420964660936
"aggregated",7,13,1,1e-04,"rprop+","sse","logistic",15.2510000000002,12,0,598.416666666667,2.67713179522179,0.858509075053066,6.65939388941268e-05,44.9190923537019,22.1000057738657,58.926311861112,29.4768424138351,33.9805950779482,12.4983947623831,75.6855265665282,284.482956688488,33.4501219871941,14.2035688672797,40.5815833411413,0.65100196991404
"1tuple_without_outlier",5,27,1,0.001,"rprop+","sse","logistic",717.260999999999,12,0,237.333333333333,2.34546798724204,0.33305194255608,9.95853857519829e-05,20.4121722242941,17.8411028956732,28.8578608057798,27.2002091304546,15.0434164672675,7.14399417185362,23.9777124998484,498.1437575927,18.7568137943032,15.9329596825488,-1,-1
"1tuple_without_outlier",7,19,1,0.004,"rprop+","sse","logistic",577.549999999999,12,0,180.416666666667,1.99632804845174,0.017572508291587,0.000136320349061141,20.4867604233485,16.8587615918786,29.1882821342292,27.162860687967,14.1162138920116,6.76286352785218,25.5609848892347,305.039321898568,18.7056531624608,14.9172626218364,-1,-1
"1tuple_without_outlier",7,25,1,0.01,"rprop+","sse","logistic",521.620000000001,12,0,154.5,1.70360234849136,1.04252539655511,0.000129999768820366,20.3514801818526,17.4100666225356,29.7175591056228,27.8840472635962,13.3020219238409,5.88435591872321,25.339509210706,411.383358143653,18.6834812332728,15.8008294925938,-1,-1
"1tuple_without_outlier",5,15,1,7e-04,"rprop+","sse","logistic",376.305999999997,12,0,322.416666666667,2.50968531197453,0.900089945068545,9.81022511627365e-05,21.3090809618309,18.1449296254603,29.8305608429567,27.7766223360275,15.1462568819346,7.60550753929351,26.8567015573695,457.296255639775,20.0065221911466,16.4030538234762,-1,-1
"1tuple_without_outlier",5,21,1,0.004,"rprop+","sse","logistic",402.234999999997,12,0,189.166666666667,2.51122638591611,1.07886165017576,0.000123396979429972,21.0973788851977,17.576234055368,29.89794426851,27.0526368611374,14.6906225347085,7.40027687601236,26.0161200812585,563.629889775952,19.387195440449,15.8977047890101,-1,-1
"throughput_ema",5,27,1,0.04,"rprop+","sse","logistic",566.74,12,0,188.333333333333,4.86794437482612,2.76963866361065,6.90471914268263e-05,52.2835749562407,39.2730122684111,69.2088692039419,46.5575700680638,44.9884463114919,17.686990284316,71.3496509619241,529.346563116329,52.2714314471088,39.2620423113644,-1,-1
"throughput_ema",11,17,1,0.04,"rprop+","sse","logistic",904.826999999999,12,0,255.083333333333,5.74536435674087,2.19846251757446,7.05826553288116e-05,55.3068217353422,39.2715174299608,73.5208368820644,50.6173181391767,44.7107360628987,18.6848761552435,78.7309977001404,722.266783161901,55.3636742566434,39.1883951395721,-1,-1
"throughput_ema",7,23,1,0.04,"rprop+","sse","logistic",803.948,12,0,208.916666666667,4.76710663466909,1.26134310295502,7.03718907017661e-05,58.8842075947257,40.2104769959576,75.5434486322977,54.3372577996467,49.2326746359067,17.0418258776536,92.7156331680256,627.554104025209,58.9561034605888,40.2150238127776,-1,-1
"throughput_ema",5,13,1,0.07,"rprop+","sse","logistic",223.418,12,0,206.25,3.81313821099725,0.321709638175766,7.0019272143073e-05,55.2237887562706,31.5495212612514,76.1371347923052,42.0549966613867,36.4266083496199,15.1999940831349,87.8342041033214,534.71130958038,55.4965728862111,31.8304657916055,-1,-1
"throughput_ema",7,27,1,0.04,"rprop+","sse","logistic",1117.383,12,0,215.5,5.60237554409043,2.83189254591591,6.99558380700729e-05,59.8555245263972,42.7721563677634,76.3555333132985,52.1337110206997,52.9518784573932,19.4061067943241,93.5333887120471,876.41427793937,59.924065388915,44.1275539458309,-1,-1
"1tuple",1,21,1,0.007,"rprop+","sse","logistic",359.085000000001,12,0,285.166666666667,4.1246915925763,1.91949467092664,6.84807678553524e-05,26.9670045251449,19.198262759669,35.8887788977661,31.0236381492132,20.7980381044014,12.1622291530369,32.6255613813862,295.555038475824,26.8939007103446,19.1414707953328,-1,-1
"1tuple",1,27,1,0.01,"rprop+","sse","logistic",329.735000000001,12,0,206.666666666667,2.53070609157288,1.13128496464931,6.87760166348942e-05,27.2576518077986,19.7454908639168,37.2298191278663,31.5146776573179,19.2623327206044,10.4849502037907,36.6940034039627,298.534610038884,27.2675373943311,20.5343436503763,-1,-1
"1tuple",5,17,1,0.004,"rprop+","sse","logistic",483.236999999999,12,0,288,2.80103350277018,0.293297307083032,6.91589321488991e-05,27.6412404353351,19.205250784624,37.6605901605246,31.8951523855415,19.690051147224,9.22339160005385,37.1881940554375,293.858320770137,27.5103869039974,19.046333076443,-1,-1
"1tuple",5,13,1,0.007,"rprop+","sse","logistic",324.803000000002,12,0,287.75,3.06293328698408,0.464378059031264,6.82326212218576e-05,28.1443486586277,19.4237393439084,37.6885454066403,31.3204732758843,19.8459290697461,10.0214880418388,39.918002704827,296.180933408827,28.0718376823614,19.3600762378747,-1,-1
"1tuple",5,15,1,0.01,"rprop+","sse","logistic",263.451000000001,12,0,225.833333333333,3.73948520447321,1.6561531487754,6.89296766302209e-05,28.8933319354885,19.5746537437685,37.9041948491405,31.6289891201846,22.3431267129422,11.9349969560041,40.8006308234689,300.603749582591,28.8967139385821,19.6483202914497,-1,-1
"2tuple",1,29,1,0.07,"rprop+","sse","logistic",478.916999999999,12,0,202.916666666667,3.38762907458645,0.10241871314346,6.5231225589236e-05,35.763333799692,20.0626535552974,77.5017581762759,48.260448033126,25.9119722135351,12.452351556537,50.0896625192496,53499.231138525,35.7374513275968,32.2645427829869,-1,-1
"2tuple",3,23,1,0.07,"rprop+","sse","logistic",418.428,12,0,200.333333333333,4.25446963061406,1.58413885895651,6.50636508642085e-05,40.4813791824267,19.1003871225337,78.3075102398355,34.5979481188986,31.1409722637521,13.5074822733629,64.3706951122948,51763.7899034971,40.4421835600785,19.0406380145372,-1,-1
"2tuple",1,23,1,0.07,"rprop+","sse","logistic",282.875,12,0,172.583333333333,2.73909943289638,0.911119131166964,6.54356327652615e-05,34.5451881771558,21.0290187750541,79.2162543684696,45.8816352484784,25.2735876158681,11.2285481958077,54.1201422413633,51281.3675890255,34.6088568913835,22.9720106383977,-1,-1
"2tuple",1,13,1,0.07,"rprop+","sse","logistic",179.112,12,0,202,4.69171144799609,1.14189478191275,6.60508743536311e-05,42.9817796289386,27.3986999489359,79.3646738248533,47.8819356054782,35.0287181941989,16.0523867539218,67.9181574566199,47591.0075780158,43.0790088012,27.3112570744426,-1,-1
"2tuple",5,27,1,0.07,"rprop+","sse","logistic",339.983999999999,12,0,98.4166666666667,3.56216171919768,0.913243950810693,6.66187221218811e-05,35.3961749183479,20.181641870531,79.8016746775461,54.2176155105726,27.0298596748346,12.4567619786883,52.3482029994886,49792.5236826185,35.4077297234916,26.6314237025655,-1,-1
"triple",5,27,1,0.1,"rprop+","sse","logistic",383.914,12,0,123.666666666667,4.09851727214984,0.624183622694273,6.45630970742588e-05,35.7624330261748,21.9043630538777,106.940760249388,68.7296166955456,24.9555179362724,12.5398564964366,53.9866986887011,55343.975467032,35.6320920259539,21.7961911445578,-1,-1
"triple",5,9,1,0.1,"rprop+","sse","logistic",150.806,12,0,225.75,4.93954552053393,2.02683779550653,6.65124948026265e-05,48.0931677449424,30.4470783210924,116.815899486517,85.9449417733473,45.3653388919489,17.1812958498928,73.024203840206,64923.4316129602,47.8087342445571,45.0382615069399,-1,-1
"triple",3,11,1,0.1,"rprop+","sse","logistic",104.996,12,0,168.583333333333,4.7838060398281,1.52065083676773,6.58761490071917e-05,48.0798990457886,23.8943215514494,117.476362307683,51.9418906429373,41.365517590837,16.5768531992124,69.8596254657183,69503.3761070205,47.8279661472407,25.4196760408797,-1,-1
"triple",5,13,1,0.1,"rprop+","sse","logistic",206.787,12,0,180.416666666667,3.90186712954782,0.706919808700035,6.57135457030163e-05,43.5207051194167,25.248965664937,118.827969621054,76.3199790539637,35.1331565389329,14.7405155565528,61.9648687099431,68643.5747140541,43.2296933173557,25.2217987989,-1,-1
"triple",5,11,1,0.1,"rprop+","sse","logistic",179.697,12,0,192.75,4.36644262867031,0.794114386946659,6.67625459542472e-05,52.134065419311,24.5384888428362,120.595051419913,82.7113861588384,44.4234529987012,16.7410910479068,78.2395465294994,54056.1244877356,51.8522962147314,50.6189948770174,-1,-1
