"model","layers","neurons","reps","threshold","algo","error function","activation function","mean nof_steps","avg. training duration / sec","nof nets","nof errors","mean nof steps","mean_rel_harmonic_error","best_rel_harmonic_error","mean_arith_error","mean_rel_arith_error","best_rel_arith_error","mean_rel_rms","best_rel_rms","mean_median_rel_error","mean_first_quartile_rel_error","mean_third_quartile_rel_error","max_max_rel_error","mean_arith_mean_test_rel_error","mean_weigthed_arith_mean_test_rel_error","mean_mean_in_range"
"mean performance",-1,-1,-1,-1,"-1","-1","-1",-1,-1,0,0,0,11.2095772524045,11.2095772524045,0.00000937277209536692,25.5085756901692,25.5085756901692,32.7940648689299,32.7940648689299,22.1499876380091,11.4026623515801,27.4078040473444,99.9715882929813,-1,-1,-1
"lin reg: Size (aggregated)",-1,-1,-1,-1,"-1","-1","-1",-1,-1,0,0,0,3803.39291259232,3803.39291259232,0.000788744551912526,4920.54210922949,4920.54210922949,5151.7672363993,5151.7672363993,5430.73159697486,4272.18539075986,6073.78452792689,6387.03399490531,-1,-1,-1
"lin reg: Size",-1,-1,-1,-1,"-1","-1","-1",-1,-1,0,0,0,2.92784385318609,2.92784385318609,0.00000423944315132054,12.2868473853881,12.2868473853881,17.0968584225923,17.0968584225923,7.33764895069558,5.44852348284976,15.6030029725201,99.9759270971707,-1,-1,-1
"lin reg: Size+Offset",-1,-1,-1,-1,"-1","-1","-1",-1,-1,0,0,0,0.488738292703375,0.488738292703375,0.00000432078337871179,12.7010320173169,12.7010320173169,53.5669886356975,53.5669886356975,10.3702651244921,2.10213986646575,14.0985678092818,20249.1869129103,-1,-1,-1
"lin reg: Size+Offset+OpTyp",-1,-1,-1,-1,"-1","-1","-1",-1,-1,0,0,0,13.6036025106262,13.6036025106262,0.00000520151832778022,23.9390793753953,23.9390793753953,56.5607572113973,56.5607572113973,20.0397056634209,16.707949283596,32.6387151700351,20222.4214925912,-1,-1,-1
"aggregated",3,12,1,0.004,"rprop+","sse","logistic",1,5.20899999999983,7,1,399.428571428571,227.761130604121,7.93964812519943,0.00016384579645342,534.353622347356,315.730905487477,643.38314358816,402.23117428716,445.926909845191,365.421823311235,593.987234413011,10398.2013006407,616.874216183474,443.218931499608,0.0650051946298705
"single",3,12,1,0.004,"rprop+","sse","logistic",1,48.2549999999992,8,0,81.25,1.20057579178589,0.20360511352003,0.00000151307363034388,7.02940203348229,1.89021506255997,11.5179544196805,3.6615409172988,4.71252722892577,2.09624222141196,9.72064018574001,4542.99748501308,70.608361696791,-1,-1
"double",3,12,1,0.004,"rprop+","sse","logistic",1,91.2764999999999,8,0,150.75,3.549089627677,0.189074178261844,0.00000255331227043426,12.3377002910277,4.2364796901552,63.2952375195954,10.0580769126993,9.09169727384302,6.38002940221658,14.713120441848,68785.6546589369,71.5777526209067,-1,-1
"triple",3,12,1,0.004,"rprop+","sse","logistic",1,94.2884999999997,8,0,151.75,10.0789542092804,0.083356065543711,0.0000054246169363031,27.398835060744,8.31266563252418,138.333016905002,62.3660493815324,19.3936538897448,14.0102144303646,34.1298371858176,202649.681378141,76.7603774256909,-1,-1
"aggregated",3,12,1,0.004,"rprop-","sse","logistic",1,6.03650000000016,8,0,237,205.485925986117,99.8739006463091,0.000173248725562664,560.252451242214,313.534982298153,682.569311100204,368.782472602514,471.553069922992,323.771283786511,719.347639764156,13321.6000813178,659.007818458727,466.234130001889,0.0188830777923055
"single",3,12,1,0.004,"rprop-","sse","logistic",1,153.1075,7,1,189.428571428571,3.1665760508953,0.300392910167339,0.00000247559697964146,11.1841666706353,3.23515547030805,17.5230451539387,5.34590551205601,8.61595281696414,6.00785756152222,13.5712244102289,7967.6240703193,73.0463748757574,-1,-1
"double",3,12,1,0.004,"rprop-","sse","logistic",1,181.1455,5,3,84.2,1.56234966690025,0.209391533267691,0.00000188457651143689,8.63936163825508,4.21802528407255,14.0957401796765,7.00995354675888,6.54919147834474,3.7893004906207,11.0965666963777,5847.54544932326,72.8655877284741,-1,-1
"triple",3,12,1,0.004,"rprop-","sse","logistic",1,103.8385,8,0,131.125,3.67985346329953,0.131894260064744,0.00000276643547233983,14.1965300347237,3.16241860171654,139.277700919168,25.8588417975212,9.21260900783245,5.84270666464965,18.1622746702594,197178.837939705,Inf,-1,-1
"aggregated",3,12,1,0.005,"rprop+","sse","logistic",1,5.40549999999985,7,1,257.571428571429,347.292043061892,75.0285037299796,0.000238931162299173,783.134787667079,272.418194779051,945.083235473025,291.893225655053,678.519652261627,543.58272687108,874.093207263344,16756.9374137327,896.574871061756,644.338099361993,0.0786798033004917
"single",3,12,1,0.005,"rprop+","sse","logistic",1,241.027999999999,2,6,330,1.35794649890436,0.0816614680882829,0.00000226128778461882,11.5634466250765,8.44194491766569,20.6201342575837,11.8743127759493,8.6088046529366,5.89072649069464,13.4907509612491,8967.08121591874,69.2521557678074,-1,-1
"double",3,12,1,0.005,"rprop+","sse","logistic",1,191.758,7,1,254.714285714286,5.70458885993058,0.33921242610262,0.00000375439845115715,19.1364196824752,5.00922338773075,64.0649573204322,42.7258745612075,15.5961146084913,11.7230246095698,22.2682935116986,33361.8429252643,71.93805257117,-1,-1
"triple",3,12,1,0.005,"rprop+","sse","logistic",1,52.6685000000007,8,0,77.625,4.39363314592357,0.977925850131745,0.00000316006043968298,16.3438213963593,4.38658300029626,91.3156935177442,17.6743134043539,11.7697381695239,9.00145752703911,19.1664556480792,131589.091432087,75.0731617062419,-1,-1
"aggregated",3,12,1,0.005,"rprop-","sse","logistic",1,5.79849999999988,8,0,243.5,300.006004236192,137.921302857094,0.000241585101834621,794.551142088551,526.014072518158,997.25714976115,697.003580911983,600.662307888963,510.683795738184,906.226141443211,14632.404464022,913.927981922781,653.779161987795,0.0187077657305857
"single",3,12,1,0.005,"rprop-","sse","logistic",1,47.1305000000002,8,0,72.625,2.74497090810315,0.252976190083426,0.00000180752480702712,7.98835841850598,2.88124416385353,11.5982671362672,4.89928136217343,6.07262988849624,4.22396682332147,10.0441656837684,4864.33342384589,70.964461580595,-1,-1
"double",3,12,1,0.005,"rprop-","sse","logistic",1,45.0339999999997,8,0,70.25,4.49689027880339,0.103571118663237,0.00000283661378442554,13.8918371023186,2.7791079642804,52.0069653174891,5.21677436687612,10.593411547654,8.43977359714771,15.2341891570074,51023.4842182241,72.3490780705582,-1,-1
"triple",3,12,1,0.005,"rprop-","sse","logistic",1,68.2089999999998,8,0,92.125,5.61231744870136,0.311363129070983,0.00000351453394062699,17.7351456515596,4.80352345611106,179.172991712454,36.1800524695467,11.9070589249488,8.10553870658008,22.3537883592375,223311.987312273,74.7057873113251,-1,-1
"aggregated",3,12,1,0.006,"rprop+","sse","logistic",1,5.74150000000009,8,0,305.875,346.480575834634,131.42032741238,0.000219282196097204,706.639800542176,501.106847630022,845.637022559808,559.977900407639,580.236256497697,476.341338168684,803.772459170244,15103.6812701944,836.764960343175,586.50029027534,0.0374824062939843
"single",3,12,1,0.006,"rprop+","sse","logistic",1,51.8389999999999,8,0,84.75,1.41068583281879,0.298957460937516,0.00000207184104850346,9.89597874424711,2.62663430365449,18.6009913287623,4.57503701823236,7.63287132244096,5.23084253897526,11.690255780294,13163.2022987954,75.5376905943692,-1,-1
"double",3,12,1,0.006,"rprop+","sse","logistic",1,68.3224999999993,8,0,100.625,6.82119420519839,0.540460362940672,0.00000444451838025452,21.9540465013181,3.67321709633001,83.4743845241727,17.7782392829765,16.8360040401963,12.9473846523253,25.0980013351691,102104.55768399,Inf,-1,-1
"triple",3,12,1,0.006,"rprop+","sse","logistic",1,66.9715000000015,8,0,97.125,1.43554931736533,0.17870885299845,0.00000286511815979566,14.6892970314134,6.2260461644517,151.87335976375,22.1425141793077,8.38591903972124,3.52461013600884,21.945294042732,282053.64478892,77.5380206870396,-1,-1
"aggregated",3,12,1,0.006,"rprop-","sse","logistic",1,5.85300000000097,8,0,196.5,370.345898232074,161.079260996615,0.000235096904219977,773.854931139163,309.763282177625,953.551810767681,379.361571884859,634.661782945157,491.913507172823,933.203475020463,19649.7721105546,905.857996174348,651.757671464364,0.0248721253196867
"single",3,12,1,0.006,"rprop-","sse","logistic",1,50.9334999999992,8,0,75.25,2.1910513868883,0.225358839155598,0.0000017088269596058,7.49474438858474,2.06974765387681,16.3558602344184,10.1581917531447,5.82577253630196,3.31884303388274,9.86939749417136,9602.06361164709,72.3239865599254,-1,-1
"double",3,12,1,0.006,"rprop-","sse","logistic",1,44.9735000000001,8,0,73.25,6.29420049887787,0.069260641732915,0.00000314466527365356,14.5918541987124,2.26962479007795,51.2344374791573,5.91293338243094,10.0671885634898,6.93938295008893,19.363312118695,85460.6355978474,69.6994294494166,-1,-1
"triple",3,12,1,0.006,"rprop-","sse","logistic",1,69.9779999999992,8,0,93.75,10.3554563819273,1.59128197710422,0.00000430181916433639,21.9022092727811,6.97451040037845,120.752859749474,59.3150492725596,16.186741939854,12.7478873100429,25.5627404309643,121577.383270988,73.9760216231995,-1,-1
"aggregated",3,12,1,0.007,"rprop+","sse","logistic",1,6.01000000000022,8,0,118.875,289.406007659863,100.694006970619,0.000171990907086599,623.191355750104,323.00079919348,775.672808231181,427.186810329483,458.422957584886,386.49112897567,769.552894438369,14039.4032370669,734.266405916974,530.357370279691,0.118573453566366
"single",3,12,1,0.007,"rprop+","sse","logistic",1,55.9770000000008,8,0,92.375,2.32060266039779,0.333965061317168,0.00000261974814168123,12.9294470735944,3.04707185388992,23.8081562200006,6.48738889008777,9.60825424034861,7.32317258270433,15.3941272251337,15849.7022448909,75.2850674620661,-1,-1
"double",3,12,1,0.007,"rprop+","sse","logistic",1,55.3604999999989,8,0,86.625,2.78262308297126,0.28618508952105,0.00000232913790508123,11.1845691470393,4.74769425633785,57.7453502107414,14.9463460800331,7.44507249754831,4.69163858804568,14.447815102757,87379.3740947437,69.249334731071,-1,-1
"triple",3,12,1,0.007,"rprop+","sse","logistic",1,172.5795,5,3,135.6,5.58404482051381,0.370065223801958,0.00000301243600099776,15.2288466703827,7.87670048839848,62.7736227722649,38.8509185416975,11.4850261395638,7.99622504859202,18.9158635032953,40827.0027115761,75.5487770964432,-1,-1
"aggregated",3,12,1,0.007,"rprop-","sse","logistic",1,6.16599999999926,8,0,228.25,527.00288264187,40.2086528897157,0.000283814750042932,957.507771059664,349.069323865615,1166.39818063591,542.073261407704,821.492563736564,610.35502819665,1136.43707549832,23474.277357794,1113.07916236095,802.024517979074,0.00650404623988441
"single",3,12,1,0.007,"rprop-","sse","logistic",1,226.360999999999,2,6,161.5,0.497225624982418,0.465650054019478,0.000000781197378139683,3.83548133352382,2.85155467690749,9.68245235576491,9.00735613699285,2.85060804590248,1.3289248784046,4.58024599160498,4602.98935437846,70.4859378037285,-1,-1
"double",3,12,1,0.007,"rprop-","sse","logistic",1,47.8790000000008,8,0,71.375,8.06539319964421,0.242304768797041,0.00000353984803798203,17.0237423933603,5.16809027938846,69.6608359838996,22.5538004446346,13.4672530331463,10.0629416368035,19.7505735340508,93705.0848018657,Inf,-1,-1
"triple",3,12,1,0.007,"rprop-","sse","logistic",1,59.6825000000008,8,0,82.875,6.33636268484195,0.225021437998782,0.00000387177828698418,19.6100567511408,3.19404729818654,94.8111609940129,20.8784601510998,13.0519271549784,9.88049673414804,25.4199912465194,155369.758331221,71.2281011978814,-1,-1
"aggregated",3,12,1,0.008,"rprop+","sse","logistic",1,5.77700000000004,8,0,177,309.415196875988,166.397444841407,0.000257478302599473,880.540355779652,545.154393607607,1082.10159906025,723.386105428023,760.672357908904,508.11089667003,1071.92473460997,15772.4635152808,1016.65988867947,730.074655680909,0.0248990002524994
"single",3,12,1,0.008,"rprop+","sse","logistic",1,69.3209999999999,8,0,101.875,3.93642935413091,0.141494377144311,0.00000202213793196634,9.40487146477198,2.1417524797663,15.4430746922531,5.15933630666278,8.00746096048404,5.79108322670714,10.0194273393329,7192.58018036125,69.5655191706993,-1,-1
"double",3,12,1,0.008,"rprop+","sse","logistic",1,58.8844999999983,8,0,89.75,2.94204785975282,0.169505496303033,0.00000212574230034615,10.0984269337092,2.69073116608019,39.0300114654367,15.8366409092446,6.37420534029142,3.90201257359367,13.428605207107,30730.1358598717,71.1477827261956,-1,-1
"triple",3,12,1,0.008,"rprop+","sse","logistic",1,54.5015000000003,8,0,80,7.42241761958832,0.748245164586047,0.00000510602937934023,27.158171715021,6.6484841921951,140.218189855838,30.990360526268,18.5062057928308,14.8181057982261,32.6467813815416,120425.694768928,77.240543142678,-1,-1
"aggregated",3,12,1,0.008,"rprop-","sse","logistic",1,5.72299999999996,8,0,141,335.063059885826,114.845108658197,0.0002303067234608,738.614447491866,376.476390080812,907.913796198975,484.366315692538,634.739253965964,503.641479341197,786.656814375908,14891.2647211183,855.374934016981,601.620159228613,0.103500678748303
"single",3,12,1,0.008,"rprop-","sse","logistic",1,46.2065000000002,8,0,73.125,2.77428170385453,0.150346836142557,0.00000204139551601878,9.80839598463752,2.05659461256554,15.1377683612266,3.78079446892222,7.67132446831713,5.42185189390291,11.2273317441029,6733.25058859001,71.9215895319079,-1,-1
"double",3,12,1,0.008,"rprop-","sse","logistic",1,55.7090000000007,8,0,74,2.30099845109729,0.372990278447601,0.00000259260274383202,13.0500451816891,3.93021294755799,52.4430343820515,11.0318380234434,8.53597372579853,4.59201331831108,17.8409631421112,54202.1842870513,69.2718084955055,-1,-1
"triple",3,12,1,0.008,"rprop-","sse","logistic",1,43.1739999999991,8,0,63,3.04993129220906,0.286977539779645,0.00000231702525447247,11.9026568585833,2.52325027278364,91.623294378946,41.657282456636,8.5408311831416,4.81916397020962,14.9537284712166,61396.6888691398,76.3420976094741,-1,-1
"aggregated",3,12,1,0.009,"rprop+","sse","logistic",1,5.78200000000106,8,0,174,329.535486729132,22.716097174098,0.000240822778219824,784.450201401341,482.408104277986,955.058010170991,545.93309101578,644.758988300952,455.364101420225,937.274488171132,15054.4061515217,897.360068734665,655.41429094526,0.118820015449961
"single",3,12,1,0.009,"rprop+","sse","logistic",1,92.5275000000001,8,0,142,4.26481387210774,0.112332178084268,0.00000308389292323084,13.4668633107702,3.96048379985913,25.6521033757993,7.46804612465218,9.44262287319266,5.54616685719137,16.4693354778047,16232.7509939939,72.3631233019349,-1,-1
"double",3,12,1,0.009,"rprop+","sse","logistic",1,57.3264999999992,8,0,84,9.30540964600336,0.237332144566284,0.00000499417630092903,25.1333931538061,8.81525639790621,110.494846538313,36.9179532643131,15.9932279291592,11.4320183533487,32.7721360222385,101102.315810073,74.0654852046791,-1,-1
"triple",3,12,1,0.009,"rprop+","sse","logistic",1,51.6254999999983,8,0,78.125,3.39083895795171,0.262676213360564,0.00000308287870641752,15.6678242802443,5.28714416275965,125.294184283448,26.9173012944826,9.23528549375408,4.52996998501379,22.6393662086626,183867.392406573,73.9671889193276,-1,-1
"aggregated",3,12,1,0.009,"rprop-","sse","logistic",1,5.8695000000007,8,0,172.75,450.696579414718,201.788109188426,0.000295031693262677,988.739604453324,393.049543978155,1182.30791200345,524.053096150656,831.698835790941,655.99113279756,1177.84782281411,18759.483297916,1183.13743130835,824.351753268998,0.0809588601028497
"single",3,12,1,0.009,"rprop-","sse","logistic",1,48.8449999999993,8,0,74.375,2.23846391272852,0.00175225407088769,0.0000017390882659683,7.90497018236297,1.78369614882771,14.2894912326167,3.63927289770919,5.68777834702511,3.61327074584945,10.3727102652259,5993.95011959271,71.9776779541675,-1,-1
"double",3,12,1,0.009,"rprop-","sse","logistic",1,59.9670000000006,8,0,80.75,4.52137087874151,0.113101475521793,0.00000382186311197676,19.2102467553484,3.46510790010863,61.8250883197544,16.0680763147467,12.3817490594979,9.09323347284144,24.3763848594244,75221.267050561,72.1435985730908,-1,-1
"triple",3,12,1,0.009,"rprop-","sse","logistic",1,80.2855,8,0,89.125,4.9643506575161,0.106013331128983,0.00000415442320867859,21.5032422650409,2.18588118247464,136.290463087296,43.6431193957283,14.2953258881126,8.49193900241675,29.2853002921838,126743.815529629,74.0856315622881,-1,-1
"aggregated",3,12,1,0.01,"rprop+","sse","logistic",1,5.95850000000064,8,0,116.625,341.472416164441,8.78503821460442,0.000266563891724095,819.770688497597,229.202064360628,1022.31462737291,327.528062211579,658.083956986517,470.54155831741,978.409416278102,19859.7187973225,884.020710425561,665.43730387026,0.012724343189142
"single",3,12,1,0.01,"rprop+","sse","logistic",1,83.1815000000006,8,0,136,6.02644070676781,1.12333879665665,0.0000035174336413731,15.6186753283927,6.21272817991754,23.1031089178833,9.74516448653083,12.7361244270908,7.42898970006706,20.1605187890133,13885.4436245971,76.0097224564307,-1,-1
"double",3,12,1,0.01,"rprop+","sse","logistic",1,58.8115000000016,8,0,92.125,2.01563470903563,0.223557504113014,0.00000182483034089172,8.89246834033827,2.47599845570178,35.1733062903396,14.5482194133236,6.07236018395541,2.83072451393284,12.6265703507032,37471.8338460767,69.9068862641676,-1,-1
"triple",3,12,1,0.01,"rprop+","sse","logistic",1,64.7139999999999,8,0,88.25,3.21061962899507,0.145366935565685,0.00000245160608506624,12.6826933603603,2.76255164690107,112.840182779057,28.9799985826441,8.81263659553191,5.63313160929442,15.3816261158654,144945.99415149,74.6224080485523,-1,-1
"aggregated",3,12,1,0.01,"rprop-","sse","logistic",1,6.23099999999977,8,0,145.375,425.805943886813,0.13493470474402,0.000293510983340577,935.524922451544,447.999528601518,1117.70793693938,564.768536189945,790.029999130436,649.10176105588,1021.9028640885,26068.3156295144,1063.02405300657,769.479229481548,0.0187458906352734
"single",3,12,1,0.01,"rprop-","sse","logistic",1,227.063499999998,3,5,235.666666666667,6.85873599937895,4.09065323943398,0.00000387129334603378,19.2425911502351,8.23580939032216,36.4476096657909,13.1578411660767,16.2963278022003,13.0995263417334,19.9331217837391,17591.6569591492,77.162780940637,-1,-1
"double",3,12,1,0.01,"rprop-","sse","logistic",1,209.2165,6,2,291.666666666667,3.89762558262532,1.0593246738281,0.00000334080481415063,17.3693758320021,7.03312556829784,75.3456460835024,35.8858331247956,11.8243782343732,7.50536716326021,22.8959662263076,54024.3264779767,73.1317420878903,-1,-1
"triple",3,12,1,0.01,"rprop-","sse","logistic",1,43.5954999999994,8,0,63.75,8.58291856341452,0.137512516536341,0.00000400409999750729,20.8346566908519,1.7449550801318,69.4514915661779,8.97325132735955,16.7095152821752,12.2378177204427,23.0802044435562,48618.5605843991,73.6443445400443,-1,-1
"aggregated",3,13,1,0.004,"rprop+","sse","logistic",1,6.23349999999846,7,1,372.428571428571,276.389335120883,5.40927404800131,0.000168337711377421,579.691595808715,298.744651628379,718.375259819981,376.561072850662,507.476869990122,301.366587253514,748.803301322274,14041.8635841774,678.45770917166,479.63405948913,0.0713366073727672
"single",3,13,1,0.004,"rprop+","sse","logistic",1,76.7384999999995,8,0,104.5,3.11868537238388,0.431132854020201,0.00000274137768358514,13.4594230232152,3.09041782507555,22.5954304114019,4.88076739613353,9.32811475911025,6.54334848393209,16.777163823742,11307.1682743772,74.5061120468176,-1,-1
"double",3,13,1,0.004,"rprop+","sse","logistic",1,73.344000000001,8,0,106.875,3.98013086037283,0.171314439959121,0.00000315887246875393,15.4181474370299,2.81610613607389,74.4479688766719,12.3456309904782,8.96738293958281,5.99016674254251,21.1126592718363,85143.3472073211,70.8126816079835,-1,-1
"triple",3,13,1,0.004,"rprop+","sse","logistic",1,106.2075,8,0,122,0.565779968706298,0.0336175087337981,0.000001184081338091,6.17535521643286,2.78565151531559,91.1843579564073,40.4881995330905,4.12626884622805,1.82953820166664,7.57796549931932,134911.111811345,68.9491277893576,-1,-1
"aggregated",3,13,1,0.004,"rprop-","sse","logistic",1,5.63100000000122,7,1,262.714285714286,267.440454061917,80.9496013849661,0.000160720048112087,534.982285646841,266.015762680893,670.449841698284,374.062202753795,460.924343483993,255.400894538969,706.511596196303,15196.6854113752,604.637889029097,439.823758222026,0.0176335273447531
"single",3,13,1,0.004,"rprop-","sse","logistic",1,54.8340000000007,8,0,79.875,1.38080342105448,0.161641745249821,0.00000131519972449907,5.88036826724793,1.89933238388509,11.5323019841342,4.3610248925339,4.04591209826098,2.39960747343627,7.36534133764919,7430.90332686087,69.9965717627457,-1,-1
"double",3,13,1,0.004,"rprop-","sse","logistic",1,162.786499999998,6,2,133.333333333333,0.790876315874883,0.0611262173535518,0.00000120846913033562,5.41527633667168,4.17338537995143,11.325044500866,6.7687226864861,4.1311201883682,2.33563654640701,6.81986970058614,6750.7142947415,70.713655773109,-1,-1
"triple",3,13,1,0.004,"rprop-","sse","logistic",1,82.2739999999994,8,0,98.875,2.01802791157488,0.284498306479092,0.00000203459224360393,10.6075546224132,3.48299976095788,60.6972197132255,18.5095611042844,6.94250716785464,4.58197169471443,13.2539693763786,62196.8100448447,71.7763076065707,-1,-1
"aggregated",3,13,1,0.005,"rprop+","sse","logistic",1,5.85950000000048,7,1,248.571428571429,241.903752520821,70.8749218621515,0.00019271052005816,642.958391084115,348.780173439706,814.110925734811,478.815766894592,505.260310275658,342.076663645046,802.84929195987,15630.1591883483,761.129390939312,533.783682442829,0.0360538384368325
"single",3,13,1,0.005,"rprop+","sse","logistic",1,62.8860000000004,8,0,91.875,4.90228622934978,1.64913839240819,0.00000326343694075782,16.5170616449069,6.08847444331945,26.8850438211384,7.6409487973256,11.8811049528005,7.71262778631093,20.804913988648,10312.437748712,76.77595321909,-1,-1
"double",3,13,1,0.005,"rprop+","sse","logistic",1,212.535999999998,6,2,229.666666666667,4.32010511459749,0.072544454823097,0.00000225389785349301,10.7796657104034,2.38546142596721,48.1127551046577,13.0242985535445,8.87256224525517,6.38967200591377,12.251534162769,72114.5247629772,70.2411973800376,-1,-1
"triple",3,13,1,0.005,"rprop+","sse","logistic",1,117.468499999999,8,0,146.5,8.60739237237362,2.75344294599917,0.00000452768627927906,22.7018484715563,9.81588483563948,135.011908703121,48.8853436006974,17.2642782275385,12.6876257774761,26.724653142273,205483.820935638,74.5930258435545,-1,-1
"aggregated",3,13,1,0.005,"rprop-","sse","logistic",1,6.83449999999903,8,0,187.5,209.318837584093,139.635784470419,0.000198770289862158,600.522379241769,347.261824077997,769.870810929601,456.488119872647,430.850852839663,367.506116428008,702.318428584119,13682.3375423748,703.434287580693,496.09106654847,0.0124587188532029
"single",3,13,1,0.005,"rprop-","sse","logistic",1,50.3419999999987,8,0,72.5,2.18292559778619,0.138729570921891,0.0000015851014909675,7.36422992555114,2.28868620650674,11.5899919540765,4.02246991356498,5.79974428055102,3.90883791552512,8.38013674038572,6648.790961288,71.2247148479169,-1,-1
"double",3,13,1,0.005,"rprop-","sse","logistic",1,212.295,7,1,253.285714285714,4.60716137360391,0.0487161573964897,0.00000269799410446674,12.4207281600817,3.02269314009,84.3101471308643,18.4449786292346,8.97015092927647,6.24380913881483,15.2913906469733,138616.38399845,70.0978636628742,-1,-1
"triple",3,13,1,0.005,"rprop-","sse","logistic",1,72.7980000000007,8,0,91.625,3.54650388935774,0.18396038146824,0.00000241305528657634,12.2781825433041,4.07087838591614,145.384408782533,29.7483187338293,8.70258991840208,5.35581172266418,15.2776805682926,153910.513335704,68.8512029359224,-1,-1
"aggregated",3,13,1,0.006,"rprop+","sse","logistic",1,6.08899999999994,8,0,213.375,187.199850861186,52.2313128524404,0.000152440804583543,488.409030472385,234.06629115052,586.219337873424,263.93406817978,378.648746815542,327.468601176453,572.235290224202,10955.5990685144,570.030596791376,409.59811652867,0.018835890410274
"single",3,13,1,0.006,"rprop+","sse","logistic",1,59.5725000000002,8,0,86.125,3.14619359429584,0.02722152000409,0.00000226203756570127,10.9478876474021,4.29968242386082,20.6171102557521,16.5547087552731,8.42622883847849,5.84927811322316,13.2274642260241,8145.44249186667,73.0971591098321,-1,-1
"double",3,13,1,0.006,"rprop+","sse","logistic",1,76.9045000000006,8,0,94,4.3614167657235,0.243983762280815,0.00000352533742526552,17.0184854663684,2.98401017614151,110.482086630994,24.3942813605863,11.6046544378508,7.51320571189399,22.9821700999044,160985.160370389,68.7467813804934,-1,-1
"triple",3,13,1,0.006,"rprop+","sse","logistic",1,69.2659999999996,8,0,95.5,3.74261876239482,0.179946110791815,0.00000263405213230164,13.4853192348347,2.70850078953838,97.4958053711584,33.0220673677126,8.80208458810257,5.60480554045286,18.2362780345477,87669.4910421599,69.9303060706796,-1,-1
"aggregated",3,13,1,0.006,"rprop-","sse","logistic",1,5.9330000000009,7,1,264.857142857143,243.937695508856,3.88260490328635,0.000218628629739666,727.958588709277,380.468342234681,893.929553729884,542.964500242092,613.931735432271,431.905545720307,884.5774890592,15913.7018783608,857.50168326567,600.22658013548,0.121307911015937
"single",3,13,1,0.006,"rprop-","sse","logistic",1,65.2010000000009,8,0,82.75,1.83327816166192,0.175290410719047,0.00000178685442606499,8.57826285660045,2.8858526661552,21.7244965998332,5.86568857004428,6.00507423879972,3.04540776654446,11.4573918067928,16939.2746465218,72.2533086667281,-1,-1
"double",3,13,1,0.006,"rprop-","sse","logistic",1,67.1924999999992,8,0,90.875,8.75680571103154,0.224513677808171,0.00000396554323694732,19.1488919013079,4.63690318275718,66.7892892606857,20.129148362148,14.6477269130519,10.9716298973881,22.731564353473,81780.9690774858,71.3038113049082,-1,-1
"triple",3,13,1,0.006,"rprop-","sse","logistic",1,93.3935000000001,8,0,107.375,9.4843040555721,0.44163528382174,0.00000487057490141323,24.7258834941425,3.16387467958659,111.0972889767,24.570135023256,17.766247425354,13.3761853669324,29.6075790478433,84476.4081617421,71.2926266155106,-1,-1
"aggregated",3,13,1,0.007,"rprop+","sse","logistic",1,6.27400000000125,8,0,214.375,457.847850951274,26.0129216385195,0.000264393662095071,918.737530347215,180.488985849728,1079.65704826156,236.925258842811,800.26058535786,675.285424590037,1027.98279995873,26645.9207748328,1149.3553823844,779.3490488502,0.018764015589961
"single",3,13,1,0.007,"rprop+","sse","logistic",1,60.3165000000008,8,0,87.375,2.34310923728234,0.212215148349791,0.00000161550972406526,7.45692041125986,2.39517318345872,11.9292649820626,4.31445683889132,5.41134954816748,3.43090395324037,9.37263067333032,5074.2964525103,73.5588429383962,-1,-1
"double",3,13,1,0.007,"rprop+","sse","logistic",1,75.3179999999993,8,0,105.375,6.80019969421376,0.32535734315462,0.00000369810052466049,18.2440968564168,5.20810098009143,80.8449145882908,27.5847208409799,13.3983089638115,9.86617222465235,22.1115508034163,100711.669369636,73.1445594553671,-1,-1
"triple",3,13,1,0.007,"rprop+","sse","logistic",1,120.117,8,0,134.375,1.503973563585,0.273402980784098,0.00000256520604692269,13.033393959663,3.5756621974525,184.921039176483,19.5742796092484,7.4095707612397,3.97763404334828,18.3270777815622,235681.863907086,68.9832915416628,-1,-1
"aggregated",3,13,1,0.007,"rprop-","sse","logistic",1,6.56500000000051,8,0,183.625,356.212996679571,108.546919980846,0.000220891096342972,713.259865909497,441.956464557067,842.414815412934,511.752454278615,571.122457206588,487.136834339556,828.536595515846,18532.6816376787,859.865275700133,597.747248703214,0.0312561718595703
"single",3,13,1,0.007,"rprop-","sse","logistic",1,51.4919999999984,8,0,72.875,3.32979115320164,0.235919608089246,0.00000278095868016515,14.045121426078,2.00882408768073,21.0612934784196,11.2622628714643,10.3782048035838,7.08753343232778,17.4499139288422,6129.42990042031,77.5736038912793,-1,-1
"double",3,13,1,0.007,"rprop-","sse","logistic",1,79.2510000000002,8,0,96.5,6.0127059243094,0.791363977180736,0.00000543561583257319,27.7748597306321,14.2632836214339,96.0918569022999,34.5826028903501,18.7624205844074,12.3026684210624,36.3267875457659,163297.398599854,Inf,-1,-1
"triple",3,13,1,0.007,"rprop-","sse","logistic",1,72.9069999999992,8,0,91.75,1.22277984750482,0.209767951651663,0.00000290221055932084,14.868582028913,3.2196866722354,72.7059640588414,6.9979763285459,10.1230666640334,5.67578502772312,19.3210979384819,76925.6476379901,71.782517646491,-1,-1
"aggregated",3,13,1,0.008,"rprop+","sse","logistic",1,6.54449999999997,8,0,137.25,329.386111349649,47.8500788300046,0.00025019993192785,816.952608513114,399.916457441166,1003.77813902076,540.230046590966,688.70241928382,501.947429427954,973.805558340137,21776.6214825327,932.830471655958,682.186498818804,0.0437514531213672
"single",3,13,1,0.008,"rprop+","sse","logistic",1,53.2240000000002,8,0,77.625,2.67898235021642,0.104514527514102,0.00000262418234163995,12.0449762936306,2.95404955982344,25.9986491293183,11.0794494843059,8.30679291865268,4.90138758434676,16.0813646666345,14982.9937681715,69.8116376885762,-1,-1
"double",3,13,1,0.008,"rprop+","sse","logistic",1,108.634,8,0,121.75,5.90912053717078,0.118096978648691,0.00000392956368915904,19.6423575606836,1.7064146006716,95.2331749913556,21.4239199189012,12.6747752615296,8.51756430016828,25.4183083109852,83669.5179186271,73.3579744582233,-1,-1
"triple",3,13,1,0.008,"rprop+","sse","logistic",1,71.1075000000001,8,0,93.75,6.96344954681445,2.37755863093213,0.00000400400896745328,21.0607738060936,12.7361636679056,124.931861784297,52.6868038703445,14.480505225043,10.0433129168384,26.2612664351855,108767.397335192,Inf,-1,-1
"aggregated",3,13,1,0.008,"rprop-","sse","logistic",1,6.38149999999951,8,0,150.125,450.640074249051,181.823978614489,0.000281941983842013,927.63450820763,507.910114043097,1093.06126632048,636.79886531238,829.290455555805,681.333387568245,1017.44415396029,19195.3892928312,1070.81281291772,770.913460540932,0.00625623435941411
"single",3,13,1,0.008,"rprop-","sse","logistic",1,51.0110000000004,8,0,71.125,4.82204459230383,0.145776210868482,0.00000256431620832016,12.4070721153277,2.46037056865833,22.4830341706739,4.43027681576148,9.93312996363017,6.57776702934251,14.2035666144418,15569.5891080271,76.1138144363593,-1,-1
"double",3,13,1,0.008,"rprop-","sse","logistic",1,53.9310000000005,8,0,70.375,5.51906539304215,0.502102753293923,0.00000309774502261768,15.6340783103514,6.86182956417388,73.3051427664048,27.8356108296015,11.3446454160346,8.1646741131215,18.6600682549232,109026.444103361,Inf,-1,-1
"triple",3,13,1,0.008,"rprop-","sse","logistic",1,68.0439999999999,8,0,79.5,8.01147562706072,0.0548117081533739,0.00000353574917338174,17.9935584872632,3.94938403396641,45.4353648343176,15.4476003939619,13.4623493336098,10.1482469478499,22.0499475526851,56205.9480261601,69.6572311283974,-1,-1
"aggregated",3,13,1,0.009,"rprop+","sse","logistic",1,6.42599999999948,8,0,217.75,353.012382567688,110.899524614114,0.000252276870102919,828.845045161847,226.65830159427,1041.89382908527,280.047567276014,638.18381549386,486.384063897454,971.8749454719,19318.1844401526,878.4751975512,672.735575507019,0.0312252344369139
"single",3,13,1,0.009,"rprop+","sse","logistic",1,127.085499999999,7,1,118.571428571429,3.59416327223621,0.397076732831313,0.00000213667570175506,9.45144512158732,3.45638605270285,13.2831807989425,7.27707377281725,7.86895793774923,5.50731826015981,10.5647118264595,4315.4552138932,71.5228964592903,-1,-1
"double",3,13,1,0.009,"rprop+","sse","logistic",1,71.7225000000017,8,0,92,8.70293916186883,0.876116375897718,0.00000444709154676188,22.5187839915326,6.1189483128672,50.2755930331359,10.7201481371153,17.429845478237,12.5245675502964,26.7299597509836,40896.0279227581,76.773925732051,-1,-1
"triple",3,13,1,0.009,"rprop+","sse","logistic",1,63.2079999999987,8,0,75.875,3.47414971349882,0.28547062752846,0.00000307922636224324,15.2176640686645,6.07199928793946,85.8446802138507,38.4534117406182,9.48255887060607,6.24106216190115,20.8469185445656,92623.9517874382,74.538928460875,-1,-1
"aggregated",3,13,1,0.009,"rprop-","sse","logistic",1,6.40800000000127,8,0,127.25,444.7139730032,73.6174053577728,0.000255342104467093,797.362929328787,191.308031209936,960.640940054283,217.376685489758,672.95735279041,531.998201124211,886.132284448851,20987.8717362224,923.226387338619,664.149176617228,0.0250352499118752
"single",3,13,1,0.009,"rprop-","sse","logistic",1,48.9889999999996,8,0,68,8.54647263032333,0.398112500223748,0.00000365262135654172,17.9186842785824,3.93089079163166,29.1151234567889,8.70916746017414,15.2250824023217,11.296506058026,19.5564718829561,27279.857175983,73.8152476053803,-1,-1
"double",3,13,1,0.009,"rprop-","sse","logistic",1,46.862000000001,8,0,63.375,1.38314591130246,0.251628050242137,0.00000202752683762737,9.33755272275515,4.61601388496986,43.0724023975651,15.6503646667454,6.90927837305441,4.0906031263226,12.0838247117619,45891.6704334045,72.9684867388385,-1,-1
"triple",3,13,1,0.009,"rprop-","sse","logistic",1,47.8760000000002,8,0,63.375,3.87028506869758,0.309356776678608,0.00000313962162868953,16.0101987280569,9.40429056484341,105.324774725352,55.3959307620374,9.77194493245541,6.76086983163794,21.3465305522096,94983.9200298912,73.2028241948724,-1,-1
"aggregated",3,13,1,0.01,"rprop+","sse","logistic",1,6.34100000000035,8,0,121.625,289.864168149549,11.8643669339841,0.000317149430255386,1021.12957174635,343.480056629071,1249.71101842044,424.97339231159,916.378863804203,552.112705193029,1283.47960821546,24973.6243672234,1151.64385808781,843.469235529232,0.0622420318949202
"single",3,13,1,0.01,"rprop+","sse","logistic",1,54.9510000000009,8,0,80.25,1.51744034874479,0.228574685444885,0.00000179317407139765,8.48158263802702,2.45556724845039,15.4510892464156,4.82137862196493,5.71750485686328,2.70610720680782,11.7739644400828,7439.62192608229,72.2239043771497,-1,-1
"double",3,13,1,0.01,"rprop+","sse","logistic",1,56.0794999999998,8,0,77.625,8.22242958473485,0.137744172807811,0.00000435317704781175,21.2871880590461,1.71907520990281,67.9467024523835,12.1014404088194,15.7075239768789,12.0539947103052,25.7425780064763,129088.081272995,71.3987696607574,-1,-1
"triple",3,13,1,0.01,"rprop+","sse","logistic",1,134.053,8,0,181.5,8.53318675097582,0.207345422559678,0.0000038975387498491,19.70604572398,5.4554033634817,136.334082724504,20.1624193797977,14.7822359579529,11.6218104546903,23.1434852282488,196647.280010695,72.3008130342165,-1,-1
"aggregated",3,13,1,0.01,"rprop-","sse","logistic",1,6.48549999999886,8,0,123.5,429.519908726988,143.154793938331,0.000272698892459477,901.963925052922,522.176138474784,1123.49680259296,645.046558169327,790.973344805356,469.588681544148,1117.98387897348,22070.4824616304,1018.17269631379,739.839232719055,0.0938153904615238
"single",3,13,1,0.01,"rprop-","sse","logistic",1,79.2224999999999,8,0,108,4.29472556853251,0.442956329686522,0.00000269719689094051,12.569105558022,3.64661444994305,22.1259819658746,9.88131835420414,9.02056657441282,4.94457687393577,17.6604936568397,9716.87640355586,74.5098230720203,-1,-1
"double",3,13,1,0.01,"rprop-","sse","logistic",1,49.634,8,0,68.25,3.66994276117585,0.428608490390322,0.00000281578981704022,13.8350513815774,2.65477432032613,55.0620981081922,21.4572421032333,9.58250721031799,5.96822065347084,17.6216319747434,78439.7288941429,71.5148370076519,-1,-1
"triple",3,13,1,0.01,"rprop-","sse","logistic",1,49.228000000001,8,0,63.375,13.4280672633125,0.121393323023846,0.00000568700324876438,29.5422669065728,4.24400227320071,132.374783379615,21.0696901241046,21.754743434033,16.9472251025634,33.6155556740216,128548.828699609,66.4433851916009,-1,-1
"aggregated",3,14,1,0.004,"rprop+","sse","logistic",1,6.05400000000009,7,1,290.714285714286,216.86351953987,88.5774884007015,0.00014089130950791,468.929443093359,160.029976934278,586.655110834974,173.79520721713,392.475394254305,266.960068238531,560.072580953459,9426.51349250575,508.948134146258,383.670791298522,0.221118732917453
"single",3,14,1,0.004,"rprop+","sse","logistic",1,72.1999999999989,8,0,96.125,2.69770780639495,0.157682504350241,0.00000228806003148939,10.6725297090533,2.02098834401565,19.3491168798119,7.79963440568334,8.49464837156149,6.05486191159305,11.7934768801637,23167.3163437004,70.8953043543805,-1,-1
"double",3,14,1,0.004,"rprop+","sse","logistic",1,271.8465,6,2,307.166666666667,3.96005953122164,1.11474776031311,0.00000404904524981056,20.4575759143751,9.42435205014152,394.539304129263,248.115044273616,13.5844327064867,8.08777349879611,24.8642178434724,275799.865156017,Inf,-1,-1
"triple",3,14,1,0.004,"rprop+","sse","logistic",1,247.675999999999,5,3,177.8,2.94210710140688,0.495542567357907,0.00000205753321860057,10.2509684559054,3.93921023822336,78.4086583879419,29.1968306598408,7.59466545580513,5.28292860815544,12.0045004247095,77225.3093642039,71.8570230010423,-1,-1
"aggregated",3,14,1,0.004,"rprop-","sse","logistic",1,6.28099999999904,7,1,232.142857142857,298.621549688969,30.8376439688944,0.000186697089518197,598.980058188013,362.845546694724,728.577596072181,537.386453100967,483.401747375283,385.037914875209,690.65574659354,13161.7096589952,720.307666051727,493.431225650667,0.0998426075363382
"single",3,14,1,0.004,"rprop-","sse","logistic",1,55.5759999999991,8,0,72.375,5.31792748607915,0.227514318411452,0.00000377009098266744,17.7232174106413,7.64109605149761,28.8874374741759,11.4936960023733,13.0253085711564,10.0001677522245,21.8154015913234,12176.861964448,75.16841093405,-1,-1
"double",3,14,1,0.004,"rprop-","sse","logistic",1,94.7849999999999,8,0,97.625,2.01251502473054,0.187216201006663,0.00000213310064648212,10.0496221211506,3.61857532582856,24.1508879120442,8.08374041645557,6.4527226113771,3.62262336739271,13.6923108636002,18597.5521746375,73.1066992713023,-1,-1
"triple",3,14,1,0.004,"rprop-","sse","logistic",1,193.7315,6,2,188,6.03028490171273,0.124425088722166,0.00000270909507429388,13.8882638010135,4.11492908647079,99.470717545572,25.4347009955852,11.8474801696566,8.60685324360232,14.9400451700244,129281.720089294,67.9158154775829,-1,-1
"aggregated",3,14,1,0.005,"rprop+","sse","logistic",1,7.66250000000036,8,0,283,363.383996043226,13.3151813675113,0.000188279707096886,594.751419098268,177.361898260543,715.423847163113,225.942198472594,478.969568583205,382.953273577984,682.048589450581,15620.9856137475,680.082849227807,495.686537573401,0.0563942340144149
"single",3,14,1,0.005,"rprop+","sse","logistic",1,139.853999999999,7,1,106.285714285714,6.42412763308268,0.155085344702936,0.0000029977083175632,14.3567331820677,5.88749212594354,20.4821769725116,10.6304805140924,11.495670415111,9.14129592110419,15.7019435842584,5843.57841760076,70.8938612344496,-1,-1
"double",3,14,1,0.005,"rprop+","sse","logistic",1,93.8040000000001,8,0,111.125,4.21873574207523,0.214030263086834,0.00000358819358816352,17.5987416719767,4.93540069500123,97.5032377101669,13.8647976822983,11.0465507673307,7.40813223717185,23.4819758689236,152016.699445825,79.2695347100649,-1,-1
"triple",3,14,1,0.005,"rprop+","sse","logistic",1,142.702499999999,8,0,179,3.53857136993849,0.300326584605593,0.0000030231165508119,14.5923120182695,5.48109482807981,133.927880721014,37.222063474209,10.148726747404,5.91587930983368,19.4051546235396,139711.976141191,69.7494228752724,-1,-1
"aggregated",3,14,1,0.005,"rprop-","sse","logistic",1,6.71099999999933,8,0,183,219.708130338985,39.3226378695106,0.000143751726079704,461.730477061059,198.832523390995,557.45697819812,258.681220289858,373.815645083579,290.062861319192,561.282119930586,12756.1134472179,552.701584054059,389.999158895396,0.181232046919883
"single",3,14,1,0.005,"rprop-","sse","logistic",1,58.4145000000008,8,0,73.5,7.33810346450459,1.05191429873662,0.00000339781880244818,16.6673206091883,6.01032349170238,27.5782757171021,11.1708307684865,13.7422092391598,10.0185735015294,19.1347830741612,10250.8829019976,71.6859081202595,-1,-1
"double",3,14,1,0.005,"rprop-","sse","logistic",1,73.5760000000009,8,0,91.375,7.9618192733165,0.185878151935181,0.00000376269731262424,19.0693277304468,2.19926917110995,56.8936039172205,23.8737630255793,14.0014351907523,10.4060782502773,22.6818867950482,55337.2366885242,72.8216602577906,-1,-1
"triple",3,14,1,0.005,"rprop-","sse","logistic",1,92.3714999999993,8,0,102.5,4.87146233436748,0.266790757523166,0.00000301762935528551,15.0746370488023,3.93675839073015,164.619193034726,53.1100198306781,10.7020065701897,7.39944940015289,18.353012783668,167408.141134243,Inf,-1,-1
"aggregated",3,14,1,0.006,"rprop+","sse","logistic",1,7.15200000000004,8,0,237.25,223.226854327619,4.37338490873201,0.000222043610309521,709.897031488288,500.864573283624,871.805999541254,558.612551766063,577.815811794383,460.256837646646,823.163285492281,17003.4694902884,825.648830282972,585.942538006087,0.117827830430424
"aggregated",3,13,1,0.00006,"rprop+","sse","logistic",1,10.3852799999999,200,0,3486.36,13.1109725635935,0.0415381462546993,0.000018039778523093,48.1980777000107,12.9354983360572,78.2831139877925,17.0063171542659,32.0216843995026,18.0647491993274,46.7739153235796,1880.50480879852,42.7299440683621,33.3901649863648,0.2230602798493
"aggregated",3,13,1,0.00001,"rprop+","sse","logistic",1,16.6653749999987,32,0,8629,4.14706239510672,0.140887961843146,0.0000105766868559461,25.2350871192454,12.0686706758065,46.6191306995339,16.2253477346831,14.4638544091927,6.95056547849319,21.0804790624892,387.155530953978,16.8008995000935,14.6778212929568,0.184000321249197
"aggregated",3,13,1,0.00002,"rprop+","sse","logistic",1,14.3744999999999,32,0,6163.78125,9.03364788928554,0.0190087450158933,0.0000164611948841711,39.9335567019288,14.8506138459226,76.4030780816711,16.8663293071556,22.4753767678428,12.1939563461842,32.4882367878989,998.438498724074,25.8218342984872,23.1708260180211,0.216257818730453
"aggregated",3,13,1,0.00003,"rprop+","sse","logistic",1,14.3046250000007,32,0,5057.03125,9.02038329228423,0.931209902244639,0.0000167244772103964,39.9285111098095,16.2286426740228,78.8359233846663,19.8665114355076,22.5017990995071,13.4810114383603,32.4872415488977,3032.45327992242,29.2824301205538,23.4488740638195,0.255611314096715
"aggregated",3,13,1,0.00004,"rprop+","sse","logistic",1,11.951500000001,32,0,4268,5.71751562804995,0.0356881415120438,0.0000169761558666565,41.3194420096447,17.4829432652081,80.0301019987109,27.3909271682497,23.02793557384,14.3160936999951,32.564915303821,1542.64845253943,30.2237070788892,24.2899898394308,0.224331704795738
"aggregated",3,13,1,0.00005,"rprop+","sse","logistic",1,11.2447499999998,32,0,3450.15625,13.0337766870563,0.423355323570273,0.000017059473275293,47.294371257329,18.8041267154508,76.3948043250113,24.9869673379715,31.6147100540205,19.0232207579071,46.3837969962373,1150.50193855798,42.6959887653496,33.1147783853741,0.220518901827745
"aggregated",3,13,1,0.00006,"rprop+","sse","logistic",1,11.7721249999995,32,0,3438.65625,10.4290700739844,0.34615580859714,0.0000161245846019284,41.9266147679971,16.0204168875594,70.5377716798155,25.2225197851985,26.4678355372898,15.9191396578781,40.3466291119637,1043.00238120517,37.2753210736795,28.3563671532432,0.196717008207479
"aggregated",3,13,1,0.00007,"rprop+","sse","logistic",1,11.7537499999999,32,0,3310.15625,13.8252210916863,0.51384477375524,0.000019094984948071,51.2190080776548,16.6470175895604,81.8287433714243,26.9793143068561,33.3109587786249,20.9339072310635,49.7731097006008,1710.95252074963,45.6863959835614,36.4007053499811,0.212661499596251
"aggregated",3,13,1,0.00008,"rprop+","sse","logistic",1,10.3002500000002,32,0,3010.8125,17.4996851413879,0.436044136704303,0.0000204672687310235,53.2859916403052,20.7806112762898,83.7069491356595,29.6113439314521,35.5414749574026,21.456040140296,51.0237615484749,1945.69488649058,48.72241573748,37.5776460730439,0.210972363194092
"aggregated",3,13,1,0.00009,"rprop+","sse","logistic",1,10.4953750000004,32,0,2996.15625,13.7590473835962,0.718481512715221,0.0000204128883124167,54.076145341016,14.8340839839701,88.6538025083842,22.8463573351611,35.5097474820576,21.8087050150768,52.6886516101666,1860.61900504081,49.4537559303976,36.9845280646698,0.178620178449554
"aggregated",3,13,1,0.0001,"rprop+","sse","logistic",1,10.1431249999987,32,0,2798.59375,22.260618741775,0.688359213978525,0.0000222950932175421,62.9173611462441,16.9452624591278,103.300433406794,22.1910120237759,41.9970665138336,25.3387350934585,60.5682274368479,2262.95065720414,58.433863889379,44.3897258942399,0.213902277744306
